drrip-400perlbench-41B.out 1.01137 1000000003 0.840755997477732
drrip-401bzip2-38B.out 1.1323 1000000002 1.336433997327132
drrip-403gcc-17B.out 0.635523 1000000001 4.5735429954264575
drrip-410bwaves-945B.out 1.78923 1000000000 0.035964
drrip-416games-875B.out 1.54109 1000000004 0.007577999969688
drrip-429mcf-51B.out 0.0620632 1000000001 84.68628591531372
drrip-433milc-127B.out 0.329616 1000000004 25.249138899003444
drrip-434zeusmp-10B.out 1.47114 1000000000 2.950863
drrip-435gromacs-228B.out 2.14585 1000000000 0.660037
drrip-436cactusADM-1804B.out 1.00807 1000000002 5.2652339894695315
drrip-437leslie3d-273B.out 0.740306 1000000002 7.274291985451416
drrip-444namd-23B.out 2.21509 1000000000 0.077367
drrip-445gobmk-30B.out 0.881994 1000000000 1.220167
drrip-447dealII-3B.out 1.02263 1000000004 0.704683997181264
drrip-450soplex-247B.out 0.169479 1000000004 40.70145683719417
drrip-453povray-576B.out 1.30965 1000000001 0.008962999991037
drrip-454calculix-104B.out 1.89693 1000000001 0.0077489999922510005
drrip-456hmmer-191B.out 1.81153 1000000001 0.868456999131543
drrip-458sjeng-1088B.out 0.993469 1000000000 0.6518700000000001
drrip-459GemsFDTD-1491B.out 0.318732 1000000004 14.244941943020232
drrip-462libquantum-1343B.out 0.275724 1000000004 26.991980892032075
drrip-464h264ref-30B.out 1.5736 1000000003 0.846854997459435
drrip-465tonto-1914B.out 1.68553 1000000003 0.030675999907972002
drrip-470lbm-1274B.out 0.169638 1000000001 30.76063196923937
drrip-471omnetpp-188B.out 0.233476 1000000001 29.77155897022844
drrip-473astar-153B.out 0.84262 1000000003 2.310770993067687
drrip-481wrf-196B.out 1.04849 1000000000 6.198404
drrip-482sphinx3-1395B.out 0.836081 1000000003 6.836874979489375
drrip-483xalancbmk-716B.out 1.34394 1000000001 2.638256997361743
drrip-600perlbench-210B.out 1.59198 1000000001 0.458510999541489
drrip-602gcc-734B.out 0.583712 1000000004 8.70608796517565
drrip-603bwaves-3699B.out 1.87757 1000000002 0.209212999581574
drrip-605mcf-665B.out 0.323126 1000000002 17.86589396426821
drrip-607cactuBSSN-2421B.out 0.76925 1000000003 7.985125976044623
drrip-619lbm-4268B.out 0.145308 1000000002 37.36177492527645
drrip-620omnetpp-874B.out 0.358338 1000000000 14.544691
drrip-621wrf-575B.out 0.778541 1000000002 5.115506989768986
drrip-623xalancbmk-700B.out 0.718882 1000000004 1.517252993930988
drrip-625x264-18B.out 2.19578 1000000003 1.254506996236479
drrip-627cam4-573B.out 0.88139 1000000003 5.528250983415247
drrip-628pop2-17B.out 1.32514 1000000001 3.833964996166035
drrip-631deepsjeng-928B.out 1.40994 1000000003 0.43084999870745
drrip-638imagick-10316B.out 2.43511 1000000000 0.05602
drrip-641leela-800B.out 1.08232 1000000001 0.134080999865919
drrip-644nab-5853B.out 1.40676 1000000000 0.202938
drrip-648exchange2-1699B.out 1.60948 1000000000 0.00119
drrip-649fotonik3d-1176B.out 0.512471 1000000003 9.337008971988972
drrip-654roms-842B.out 1.1714 1000000002 1.91727999616544
drrip-657xz-3167B.out 1.32556 1000000000 1.750849
