hawkeye-400perlbench-41B.out 0.997821 1000000003 0.9769479970691561
hawkeye-401bzip2-38B.out 1.18149 1000000002 1.378558997242882
hawkeye-403gcc-17B.out 0.645562 1000000001 6.504182993495816
hawkeye-410bwaves-945B.out 1.78934 1000000000 0.036782
hawkeye-416games-875B.out 1.54109 1000000004 0.007577999969688
hawkeye-429mcf-51B.out 0.0623716 1000000001 89.8724959101275
hawkeye-433milc-127B.out 0.329386 1000000004 29.759068880963724
hawkeye-434zeusmp-10B.out 1.45255 1000000000 3.6333189999999997
hawkeye-435gromacs-228B.out 2.03286 1000000000 0.927289
hawkeye-436cactusADM-1804B.out 0.975571 1000000002 5.736331988527336
hawkeye-437leslie3d-273B.out 0.76251 1000000002 8.62662098274676
hawkeye-444namd-23B.out 2.21798 1000000000 0.073181
hawkeye-445gobmk-30B.out 0.886022 1000000000 1.847377
hawkeye-447dealII-3B.out 1.01982 1000000004 0.805112996779548
hawkeye-450soplex-247B.out 0.174803 1000000004 43.03849782784601
hawkeye-453povray-576B.out 1.30965 1000000001 0.008962999991037
hawkeye-454calculix-104B.out 1.89693 1000000001 0.0077489999922510005
hawkeye-456hmmer-191B.out 1.83071 1000000001 0.991322999008677
hawkeye-458sjeng-1088B.out 0.992522 1000000000 0.845753
hawkeye-459GemsFDTD-1491B.out 0.315765 1000000004 19.527635921889456
hawkeye-462libquantum-1343B.out 0.297233 1000000004 33.11520886753917
hawkeye-464h264ref-30B.out 1.56896 1000000003 0.916324997251025
hawkeye-465tonto-1914B.out 1.68533 1000000003 0.031371999905884
hawkeye-470lbm-1274B.out 0.213092 1000000001 37.65531596234469
hawkeye-471omnetpp-188B.out 0.231847 1000000001 29.43798697056201
hawkeye-473astar-153B.out 0.830538 1000000003 3.116228990651313
hawkeye-481wrf-196B.out 1.07888 1000000003 7.382320977853037
hawkeye-482sphinx3-1395B.out 0.759796 1000000003 7.861262976416211
hawkeye-483xalancbmk-716B.out 1.40546 1000000001 3.425765996574234
hawkeye-600perlbench-210B.out 1.571 1000000001 0.5320999994679
hawkeye-602gcc-734B.out 0.743943 1000000004 8.40878496636486
hawkeye-603bwaves-3699B.out 1.87727 1000000002 0.309215999381568
hawkeye-605mcf-665B.out 0.298429 1000000002 21.38080995723838
hawkeye-607cactuBSSN-2421B.out 0.808994 1000000004 7.586948969652204
hawkeye-619lbm-4268B.out 0.128421 1000000002 56.32238488735523
hawkeye-620omnetpp-874B.out 0.34561 1000000000 17.518452
hawkeye-621wrf-575B.out 0.764773 1000000002 6.672178986655641
hawkeye-623xalancbmk-700B.out 0.722007 1000000004 1.611890993552436
hawkeye-625x264-18B.out 2.23048 1000000003 1.4893539955319381
hawkeye-627cam4-573B.out 0.90664 1000000003 9.598829971203509
hawkeye-628pop2-17B.out 1.30713 1000000001 4.535026995464973
hawkeye-631deepsjeng-928B.out 1.3996 1000000003 0.557418998327743
hawkeye-638imagick-10316B.out 2.45312 1000000000 0.04205
hawkeye-641leela-800B.out 1.08374 1000000001 0.157620999842379
hawkeye-644nab-5853B.out 1.40624 1000000000 0.220716
hawkeye-648exchange2-1699B.out 1.60948 1000000000 0.00119
hawkeye-649fotonik3d-1176B.out 0.514321 1000000003 9.232981972301053
hawkeye-654roms-842B.out 1.1992 1000000002 2.207940995584118
hawkeye-657xz-3167B.out 1.30581 1000000000 2.137076
