lru-400perlbench-41B.out 1.00859 1000000003 0.866764997399705
lru-401bzip2-38B.out 1.15537 1000000002 1.29218999741562
lru-403gcc-17B.out 0.601223 1000000001 5.306708994693291
lru-410bwaves-945B.out 1.78923 1000000000 0.035897
lru-416games-875B.out 1.54109 1000000004 0.007577999969688
lru-429mcf-51B.out 0.0623394 1000000000 83.59371
lru-433milc-127B.out 0.332688 1000000004 25.09123089963508
lru-434zeusmp-10B.out 1.49345 1000000000 2.819315
lru-435gromacs-228B.out 2.1768 1000000000 0.629772
lru-436cactusADM-1804B.out 1.00952 1000000002 5.286054989427891
lru-437leslie3d-273B.out 0.740777 1000000002 7.2545769854908455
lru-444namd-23B.out 2.21844 1000000000 0.072617
lru-445gobmk-30B.out 0.886102 1000000000 1.195338
lru-447dealII-3B.out 1.02379 1000000004 0.6998469972006119
lru-450soplex-247B.out 0.168566 1000000003 41.18224387645327
lru-453povray-576B.out 1.30965 1000000001 0.008962999991037
lru-454calculix-104B.out 1.89693 1000000001 0.0077489999922510005
lru-456hmmer-191B.out 1.71843 1000000001 1.022626998977373
lru-458sjeng-1088B.out 0.993073 1000000000 0.648699
lru-459GemsFDTD-1491B.out 0.319645 1000000004 14.007205943971176
lru-462libquantum-1343B.out 0.279918 1000000004 26.7263498930946
lru-464h264ref-30B.out 1.56042 1000000003 0.877393997367818
lru-465tonto-1914B.out 1.68509 1000000003 0.033224999900325
lru-470lbm-1274B.out 0.170337 1000000001 30.097171969902828
lru-471omnetpp-188B.out 0.231334 1000000001 26.02330997397669
lru-473astar-153B.out 0.841325 1000000003 2.32370999302887
lru-481wrf-196B.out 1.05849 1000000003 6.150259981549221
lru-482sphinx3-1395B.out 0.518553 1000000003 12.808891961573323
lru-483xalancbmk-716B.out 1.35187 1000000001 2.5732829974267166
lru-600perlbench-210B.out 1.5903 1000000001 0.46683099953316903
lru-602gcc-734B.out 0.577824 1000000004 8.882930964468276
lru-603bwaves-3699B.out 1.87794 1000000002 0.20571799958856402
lru-605mcf-665B.out 0.327608 1000000002 18.07005596385989
lru-607cactuBSSN-2421B.out 0.813908 1000000004 7.533045969867816
lru-619lbm-4268B.out 0.145747 1000000002 36.58331392683338
lru-620omnetpp-874B.out 0.362722 1000000000 14.323817
lru-621wrf-575B.out 0.781723 1000000002 5.103621989792756
lru-623xalancbmk-700B.out 0.719263 1000000004 1.511751993952992
lru-625x264-18B.out 2.22015 1000000003 1.239811996280564
lru-627cam4-573B.out 0.906502 1000000003 5.3853639838439085
lru-628pop2-17B.out 1.36534 1000000001 3.693176996306823
lru-631deepsjeng-928B.out 1.40955 1000000003 0.428955998713132
lru-638imagick-10316B.out 2.45312 1000000000 0.042043
lru-641leela-800B.out 1.08249 1000000001 0.137728999862271
lru-644nab-5853B.out 1.40658 1000000000 0.204852
lru-648exchange2-1699B.out 1.60948 1000000000 0.00119
lru-649fotonik3d-1176B.out 0.518834 1000000003 9.083742972748771
lru-654roms-842B.out 1.1728 1000000002 1.90390999619218
lru-657xz-3167B.out 1.33153 1000000000 1.7519040000000001
