ship-400perlbench-41B.out 1.01314 1000000003 0.8333209975000371
ship-401bzip2-38B.out 1.17125 1000000002 1.21316999757366
ship-403gcc-17B.out 0.656124 1000000001 4.178234995821764
ship-410bwaves-945B.out 1.78923 1000000000 0.035911000000000005
ship-416games-875B.out 1.54109 1000000004 0.007577999969688
ship-429mcf-51B.out 0.0622755 1000000001 84.48235291551765
ship-433milc-127B.out 0.330851 1000000004 25.307141898771434
ship-434zeusmp-10B.out 1.4786 1000000000 2.926515
ship-435gromacs-228B.out 2.17878 1000000000 0.626246
ship-436cactusADM-1804B.out 1.00926 1000000002 5.2860859894278285
ship-437leslie3d-273B.out 0.748489 1000000002 7.14715998570568
ship-444namd-23B.out 2.21715 1000000000 0.075892
ship-445gobmk-30B.out 0.886656 1000000000 1.17895
ship-447dealII-3B.out 1.0239 1000000004 0.699500997201996
ship-450soplex-247B.out 0.173633 1000000003 39.80029388059911
ship-453povray-576B.out 1.30965 1000000001 0.008962999991037
ship-454calculix-104B.out 1.89693 1000000001 0.0077489999922510005
ship-456hmmer-191B.out 1.8628 1000000001 0.7968399992031601
ship-458sjeng-1088B.out 0.993586 1000000000 0.663857
ship-459GemsFDTD-1491B.out 0.319373 1000000004 14.049118943803524
ship-462libquantum-1343B.out 0.279881 1000000004 26.729203893083184
ship-464h264ref-30B.out 1.5807 1000000003 0.823771997528684
ship-465tonto-1914B.out 1.68542 1000000003 0.03026999990919
ship-470lbm-1274B.out 0.170928 1000000001 30.040737969959263
ship-471omnetpp-188B.out 0.23081 1000000001 26.17721097382279
ship-473astar-153B.out 0.848185 1000000003 2.255152993234541
ship-481wrf-196B.out 1.05641 1000000003 6.144573981566278
ship-482sphinx3-1395B.out 0.592193 1000000003 10.980020967059938
ship-483xalancbmk-716B.out 1.36294 1000000001 2.59251999740748
ship-600perlbench-210B.out 1.59578 1000000001 0.45157899954842096
ship-602gcc-734B.out 0.57543 1000000004 8.883104964467579
ship-603bwaves-3699B.out 1.87769 1000000002 0.206295999587408
ship-605mcf-665B.out 0.335289 1000000002 17.447537965104924
ship-607cactuBSSN-2421B.out 0.813471 1000000004 7.538666969845332
ship-619lbm-4268B.out 0.145319 1000000002 36.62729292674542
ship-620omnetpp-874B.out 0.361614 1000000000 14.478418999999999
ship-621wrf-575B.out 0.787809 1000000002 5.00484498999031
ship-623xalancbmk-700B.out 0.720258 1000000004 1.507677993969288
ship-625x264-18B.out 2.20076 1000000003 1.242904996271285
ship-627cam4-573B.out 0.902091 1000000003 5.382647983852056
ship-628pop2-17B.out 1.35477 1000000001 3.723163996276836
ship-631deepsjeng-928B.out 1.41049 1000000003 0.42771499871685503
ship-638imagick-10316B.out 2.45211 1000000000 0.042713999999999995
ship-641leela-800B.out 1.08288 1000000001 0.133833999866166
ship-644nab-5853B.out 1.40688 1000000000 0.202197
ship-648exchange2-1699B.out 1.60948 1000000000 0.00119
ship-649fotonik3d-1176B.out 0.518584 1000000003 9.083793972748618
ship-654roms-842B.out 1.17284 1000000002 1.9041489961917022
ship-657xz-3167B.out 1.34367 1000000000 1.696995
