srrip-400perlbench-41B.out 1.0128 1000000003 0.8355219974934339
srrip-401bzip2-38B.out 1.15488 1000000002 1.327411997345176
srrip-403gcc-17B.out 0.632616 1000000001 4.694951995305048
srrip-410bwaves-945B.out 1.78945 1000000000 0.038225
srrip-416games-875B.out 1.54109 1000000004 0.007577999969688
srrip-429mcf-51B.out 0.0624061 1000000001 83.204003916796
srrip-433milc-127B.out 0.326123 1000000004 25.56430689774277
srrip-434zeusmp-10B.out 1.46896 1000000000 2.938211
srrip-435gromacs-228B.out 2.2146 1000000000 0.601375
srrip-436cactusADM-1804B.out 1.00992 1000000002 5.0992419898015156
srrip-437leslie3d-273B.out 0.743273 1000000002 7.18362998563274
srrip-444namd-23B.out 2.21845 1000000000 0.075015
srrip-445gobmk-30B.out 0.877629 1000000000 1.314621
srrip-447dealII-3B.out 1.02377 1000000004 0.7265009970939961
srrip-450soplex-247B.out 0.183928 1000000004 38.22304484710782
srrip-453povray-576B.out 1.30965 1000000001 0.008962999991037
srrip-454calculix-104B.out 1.89693 1000000001 0.0077489999922510005
srrip-456hmmer-191B.out 1.81455 1000000001 0.9685369990314631
srrip-458sjeng-1088B.out 0.993327 1000000000 0.6484420000000001
srrip-459GemsFDTD-1491B.out 0.317952 1000000004 14.246191943015232
srrip-462libquantum-1343B.out 0.271815 1000000004 27.206956891172172
srrip-464h264ref-30B.out 1.58227 1000000003 0.8529069974412791
srrip-465tonto-1914B.out 1.68543 1000000003 0.030283999909148002
srrip-470lbm-1274B.out 0.169263 1000000001 31.278117968721883
srrip-471omnetpp-188B.out 0.239135 1000000001 25.573071974426927
srrip-473astar-153B.out 0.84341 1000000003 2.360920992917237
srrip-481wrf-196B.out 1.04782 1000000000 6.162659
srrip-482sphinx3-1395B.out 0.606737 1000000003 10.91792296724623
srrip-483xalancbmk-716B.out 1.36137 1000000001 2.674302997325697
srrip-600perlbench-210B.out 1.59542 1000000001 0.45366999954633
srrip-602gcc-734B.out 0.580598 1000000004 8.875726964497092
srrip-603bwaves-3699B.out 1.87771 1000000002 0.21343099957313802
srrip-605mcf-665B.out 0.336177 1000000002 17.40211896519576
srrip-607cactuBSSN-2421B.out 0.813514 1000000004 7.540705969837176
srrip-619lbm-4268B.out 0.145015 1000000002 37.720209924559576
srrip-620omnetpp-874B.out 0.369714 1000000000 14.246701999999999
srrip-621wrf-575B.out 0.796125 1000000001 5.033021994966978
srrip-623xalancbmk-700B.out 0.71777 1000000004 1.545236993819052
srrip-625x264-18B.out 2.22392 1000000003 1.209890996370327
srrip-627cam4-573B.out 0.865097 1000000003 6.108320981675037
srrip-628pop2-17B.out 1.37193 1000000001 3.6766259963233736
srrip-631deepsjeng-928B.out 1.41062 1000000003 0.42900099871299696
srrip-638imagick-10316B.out 2.45211 1000000000 0.042709000000000004
srrip-641leela-800B.out 1.08692 1000000001 0.12359899987640101
srrip-644nab-5853B.out 1.40694 1000000000 0.201786
srrip-648exchange2-1699B.out 1.60948 1000000000 0.00119
srrip-649fotonik3d-1176B.out 0.504507 1000000003 9.989913970030258
srrip-654roms-842B.out 1.17231 1000000002 1.892612996214774
srrip-657xz-3167B.out 1.34146 1000000000 1.755544
